0 0.4680 0.5583 0.4057 0.4833
0 0.2820 0.6690 0.5255 0.4750
0 0.2193 0.6125 0.3083 0.5917
1 0.7305 0.8444 0.0505 0.1167
1 0.8003 0.8255 0.0547 0.0917
1 0.8784 0.7824 0.0401 0.0981
1 0.7310 0.8380 0.0599 0.1148
1 0.7995 0.8222 0.0583 0.1037
1 0.8609 0.7843 0.0656 0.0907
1 0.9255 0.7579 0.0437 0.0750
1 0.9667 0.7375 0.0302 0.0769
1 0.6948 0.8736 0.0354 0.0880
1 0.7401 0.8426 0.0417 0.1222
1 0.7875 0.8185 0.0333 0.1093
1 0.8706 0.7833 0.0620 0.0667
1 0.9305 0.7514 0.0474 0.0713
1 0.7362 0.8370 0.0453 0.1222
1 0.7867 0.8222 0.0349 0.1204
1 0.8227 0.7991 0.0651 0.1074
1 0.8680 0.7824 0.0651 0.0926
1 0.9255 0.7556 0.0531 0.0870
1 0.9583 0.7370 0.0406 0.0778
1 0.9599 0.7338 0.0354 0.0806
1 0.9609 0.7398 0.0354 0.0759
0 0.3398 0.5407 0.6516 0.9185
0 0.3396 0.4866 0.4750 0.7843
0 0.6737 0.7468 0.1047 0.1694
1 0.8818 0.7829 0.0354 0.0639
1 0.8445 0.8111 0.0641 0.0667
1 0.8055 0.8185 0.0755 0.0500
1 0.7875 0.8662 0.0792 0.0509
1 0.7266 0.8750 0.0458 0.0611
1 0.7831 0.8685 0.0745 0.0370
1 0.8013 0.8292 0.0630 0.0769
1 0.8388 0.8106 0.0516 0.0787
1 0.8815 0.7889 0.0380 0.0833
0 0.2719 0.6190 0.2521 0.5306
0 0.2969 0.4912 0.4125 0.7787
0 0.2716 0.6144 0.4932 0.6102
1 0.6122 0.9245 0.0547 0.0843
1 0.6620 0.9023 0.0479 0.0935
1 0.7234 0.8759 0.0458 0.0852
1 0.7846 0.8458 0.0380 0.0787
1 0.8273 0.8273 0.0505 0.0676
1 0.8888 0.7875 0.0641 0.0750
1 0.9458 0.7685 0.0292 0.0852
1 0.6128 0.9361 0.0547 0.0889
1 0.6664 0.9106 0.0536 0.0954
1 0.7247 0.8829 0.0568 0.0880
1 0.7865 0.8495 0.0406 0.0843
1 0.8336 0.8296 0.0536 0.0741
1 0.8943 0.7880 0.0604 0.0833
1 0.9464 0.7630 0.0375 0.0704
1 0.6062 0.9292 0.0542 0.0935
1 0.6612 0.9046 0.0505 0.1093
1 0.7237 0.8773 0.0536 0.0954
1 0.7885 0.8435 0.0479 0.0889
1 0.8318 0.8227 0.0583 0.0880
1 0.8906 0.7792 0.0573 0.0991
1 0.9461 0.7676 0.0391 0.1093
1 0.6661 0.9074 0.0573 0.1074
1 0.6070 0.9356 0.0505 0.0972
1 0.7258 0.8759 0.0578 0.1148
1 0.7924 0.8523 0.0411 0.1009
1 0.8349 0.8213 0.0448 0.0963
1 0.8891 0.7815 0.0604 0.0944
1 0.9414 0.7597 0.0297 0.0731
1 0.6602 0.9032 0.0495 0.0861
1 0.6099 0.9384 0.0552 0.0917
1 0.7201 0.8815 0.0578 0.1074
1 0.7849 0.8486 0.0521 0.0769
1 0.8315 0.8269 0.0589 0.0852
1 0.8883 0.7907 0.0620 0.0981
1 0.9495 0.7634 0.0490 0.0824
1 0.6115 0.9287 0.0573 0.0944
1 0.6667 0.9042 0.0521 0.1046
1 0.7227 0.8782 0.0474 0.0954
1 0.7870 0.8431 0.0385 0.0731
1 0.8341 0.8241 0.0630 0.0759
1 0.8945 0.7852 0.0547 0.0852
1 0.9482 0.7653 0.0526 0.0787
1 0.6115 0.9315 0.0542 0.0907
1 0.6622 0.9000 0.0505 0.0907
1 0.7232 0.8731 0.0516 0.0944
1 0.7898 0.8468 0.0474 0.0898
1 0.8203 0.8028 0.0292 0.0444
1 0.8406 0.8412 0.0344 0.0491
1 0.8901 0.7792 0.0646 0.0880
1 0.9432 0.7630 0.0292 0.0833
1 0.7862 0.8491 0.0526 0.0981
1 0.8193 0.8106 0.0375 0.0491
1 0.8484 0.8435 0.0521 0.0574
1 0.8935 0.7843 0.0599 0.0870
1 0.9490 0.7593 0.0448 0.0815
