0 0.4268 0.7019 0.7224 0.5963
0 0.2878 0.6907 0.5286 0.5407
0 0.3492 0.7366 0.5224 0.5213
0 0.3010 0.6125 0.4792 0.5917
1 0.7284 0.8417 0.0630 0.1241
1 0.7995 0.8222 0.0573 0.1019
1 0.8607 0.7843 0.0630 0.0870
1 0.9255 0.7579 0.0458 0.0787
1 0.9667 0.7375 0.0302 0.0769
1 0.6948 0.8736 0.0354 0.0880
1 0.7401 0.8426 0.0417 0.1222
1 0.7875 0.8185 0.0333 0.1093
1 0.8706 0.7833 0.0620 0.0667
1 0.9305 0.7514 0.0474 0.0713
0 0.2432 0.5194 0.4802 0.9444
1 0.7846 0.8231 0.0391 0.1111
1 0.8187 0.8028 0.0500 0.1185
1 0.8693 0.7847 0.0698 0.0991
1 0.9263 0.7560 0.0547 0.0991
1 0.9633 0.7389 0.0380 0.0963
0 0.2596 0.5338 0.5161 0.9120
0 0.2906 0.5278 0.5656 0.9389
0 0.5724 0.6926 0.8010 0.5185
0 0.3396 0.5292 0.6188 0.9009
0 0.3630 0.4782 0.3865 0.7694
0 0.2857 0.5546 0.4432 0.8370
0 0.2628 0.5176 0.5203 0.7222
3 0.8875 0.5773 0.2250 0.3991
1 0.7607 0.8880 0.0734 0.0685
1 0.8016 0.8380 0.0719 0.0667
1 0.8047 0.8366 0.0729 0.0361
1 0.8029 0.8227 0.0630 0.0769
1 0.8404 0.8069 0.0526 0.0806
1 0.8815 0.7889 0.0380 0.0833
0 0.3594 0.6106 0.6604 0.7602
0 0.5164 0.6856 0.6745 0.5250
0 0.3055 0.5065 0.4557 0.8056
0 0.2687 0.6222 0.4990 0.6000
0 0.2578 0.5194 0.4594 0.7852
0 0.2247 0.4880 0.3422 0.7778
1 0.6122 0.9255 0.0557 0.0861
1 0.6620 0.9014 0.0479 0.0935
1 0.7240 0.8736 0.0417 0.0769
1 0.7844 0.8449 0.0375 0.0769
1 0.8273 0.8255 0.0505 0.0676
1 0.8888 0.7875 0.0651 0.0769
1 0.9461 0.7685 0.0286 0.0833
1 0.6062 0.9292 0.0542 0.0935
1 0.6617 0.9037 0.0495 0.1074
1 0.7237 0.8764 0.0526 0.0935
1 0.7885 0.8426 0.0490 0.0907
1 0.8318 0.8227 0.0583 0.0880
1 0.8901 0.7792 0.0563 0.0972
1 0.9464 0.7671 0.0375 0.1046
1 0.6607 0.9032 0.0495 0.0861
1 0.6099 0.9384 0.0531 0.0880
1 0.7195 0.8806 0.0557 0.1037
1 0.7849 0.8486 0.0510 0.0750
1 0.8320 0.8250 0.0568 0.0815
1 0.8883 0.7917 0.0609 0.0963
1 0.9495 0.7634 0.0490 0.0824
1 0.6104 0.9324 0.0573 0.0944
1 0.6661 0.9069 0.0531 0.1065
1 0.7227 0.8801 0.0484 0.0972
1 0.7872 0.8440 0.0380 0.0713
1 0.8344 0.8282 0.0656 0.0787
1 0.8935 0.7907 0.0536 0.0833
1 0.9487 0.7671 0.0505 0.0750
0 0.3031 0.5731 0.5146 0.8500
0 0.2997 0.5995 0.5943 0.7954
1 0.8247 0.8269 0.0505 0.0944
1 0.8193 0.8106 0.0375 0.0491
1 0.8479 0.8421 0.0510 0.0565
1 0.8935 0.7843 0.0599 0.0870
1 0.9490 0.7593 0.0448 0.0815
0 0.4333 0.6750 0.7219 0.5278
0 0.5758 0.5347 0.7943 0.8102
0 0.6409 0.6995 0.7182 0.5398
