1 0.8000 0.8222 0.0573 0.1019
1 0.8607 0.7843 0.0630 0.0870
1 0.9255 0.7579 0.0458 0.0787
1 0.9667 0.7375 0.0302 0.0769
0 0.7768 0.5560 0.0734 0.1565
1 0.6935 0.8764 0.0380 0.0824
1 0.7365 0.8440 0.0427 0.1120
1 0.7917 0.8181 0.0479 0.1028
1 0.8674 0.7870 0.0714 0.0685
1 0.9294 0.7514 0.0443 0.0694
1 0.9674 0.7338 0.0255 0.0602
1 0.6948 0.8736 0.0354 0.0880
1 0.7401 0.8426 0.0417 0.1222
1 0.7875 0.8185 0.0333 0.1093
1 0.8706 0.7833 0.0620 0.0667
1 0.9305 0.7514 0.0474 0.0713
1 0.7846 0.8231 0.0391 0.1111
1 0.8187 0.8032 0.0490 0.1157
1 0.8693 0.7847 0.0698 0.0991
1 0.9263 0.7560 0.0547 0.0991
1 0.9633 0.7389 0.0380 0.0963
0 0.3932 0.5380 0.5010 0.6241
0 0.3029 0.5412 0.4068 0.7935
0 0.2656 0.5148 0.5240 0.6889
3 0.8826 0.5472 0.2339 0.4148
1 0.7396 0.8940 0.0719 0.0676
1 0.7815 0.8616 0.0734 0.0676
1 0.7992 0.8236 0.0766 0.0694
1 0.8414 0.8028 0.0651 0.0648
0 0.4333 0.6708 0.8562 0.6361
1 0.8841 0.7852 0.0557 0.0685
0 0.5128 0.6824 0.6786 0.5019
0 0.2708 0.5722 0.4844 0.6667
0 0.2807 0.6245 0.4542 0.7454
1 0.6062 0.9292 0.0531 0.0917
1 0.6617 0.9037 0.0484 0.1056
1 0.7237 0.8764 0.0526 0.0935
1 0.7885 0.8426 0.0479 0.0889
1 0.8318 0.8227 0.0594 0.0898
1 0.8901 0.7792 0.0563 0.0972
1 0.9466 0.7676 0.0391 0.1093
0 0.3646 0.6051 0.4344 0.7843
1 0.8820 0.7917 0.0495 0.0926
1 0.8935 0.7843 0.0599 0.0870
1 0.9490 0.7593 0.0458 0.0833
0 0.4659 0.6287 0.6297 0.4796
