1 0.8000 0.8222 0.0563 0.1000
1 0.8607 0.7843 0.0630 0.0870
1 0.9255 0.7579 0.0458 0.0787
1 0.9664 0.7375 0.0297 0.0750
0 0.7771 0.5565 0.0750 0.1593
0 0.3836 0.5361 0.4839 0.6426
0 0.2943 0.5134 0.4281 0.8491
0 0.2745 0.5718 0.5448 0.6435
1 0.7396 0.8940 0.0719 0.0676
1 0.7818 0.8611 0.0719 0.0667
1 0.7997 0.8236 0.0766 0.0694
1 0.8432 0.8023 0.0667 0.0657
1 0.8836 0.7875 0.0432 0.0769
0 0.4771 0.6917 0.9542 0.4315
0 0.2703 0.5704 0.4844 0.6667
0 0.2193 0.6111 0.3594 0.7722
0 0.3701 0.7204 0.7286 0.5593
1 0.8883 0.7866 0.0651 0.0880
1 0.9440 0.7648 0.0391 0.0685
