0 0.4685 0.5583 0.4057 0.4833
0 0.3042 0.6134 0.4792 0.5917
1 0.7310 0.8380 0.0599 0.1148
1 0.7995 0.8222 0.0583 0.1037
1 0.8607 0.7843 0.0630 0.0870
1 0.9255 0.7579 0.0448 0.0769
1 0.9667 0.7375 0.0302 0.0769
1 0.6948 0.8736 0.0354 0.0880
1 0.7401 0.8426 0.0417 0.1222
1 0.7875 0.8185 0.0333 0.1093
1 0.8706 0.7833 0.0620 0.0667
1 0.9305 0.7514 0.0474 0.0713
1 0.7333 0.8458 0.0542 0.1176
1 0.7846 0.8231 0.0401 0.1130
1 0.8187 0.8014 0.0490 0.1157
1 0.8695 0.7838 0.0672 0.0954
1 0.9263 0.7560 0.0547 0.0991
1 0.9633 0.7389 0.0380 0.0963
1 0.8706 0.7773 0.0651 0.0750
1 0.9292 0.7509 0.0510 0.0741
1 0.9628 0.7333 0.0297 0.0667
1 0.9609 0.7398 0.0354 0.0759
0 0.7237 0.5648 0.0766 0.1167
0 0.3372 0.5444 0.6422 0.9056
0 0.3456 0.5514 0.5026 0.7694
2 0.3680 0.4389 0.3109 0.6833
0 0.6737 0.7394 0.0797 0.1398
1 0.7828 0.8681 0.0760 0.0380
1 0.8013 0.8292 0.0630 0.0769
1 0.8388 0.8106 0.0516 0.0787
1 0.8815 0.7889 0.0380 0.0833
0 0.2729 0.6190 0.2521 0.5306
0 0.2997 0.4935 0.4078 0.7389
0 0.2698 0.6120 0.4833 0.5981
1 0.6122 0.9245 0.0547 0.0843
1 0.6620 0.9023 0.0479 0.0935
1 0.7237 0.8750 0.0443 0.0815
1 0.7846 0.8458 0.0380 0.0787
1 0.8273 0.8269 0.0495 0.0667
1 0.8888 0.7875 0.0641 0.0750
1 0.9458 0.7685 0.0292 0.0852
1 0.6062 0.9292 0.0542 0.0935
1 0.6617 0.9046 0.0505 0.1093
1 0.7237 0.8773 0.0536 0.0954
1 0.7885 0.8426 0.0479 0.0889
1 0.8318 0.8227 0.0583 0.0880
1 0.8906 0.7792 0.0573 0.0991
1 0.9464 0.7671 0.0375 0.1046
1 0.6099 0.9421 0.0406 0.1009
1 0.6633 0.9037 0.0370 0.0963
1 0.7229 0.8773 0.0427 0.0954
1 0.7849 0.8477 0.0500 0.0935
1 0.8297 0.8204 0.0344 0.0907
1 0.8870 0.7806 0.0604 0.0815
1 0.9388 0.7653 0.0245 0.0861
1 0.6607 0.9032 0.0495 0.0861
1 0.6099 0.9384 0.0542 0.0898
1 0.7201 0.8815 0.0568 0.1056
1 0.7849 0.8486 0.0521 0.0769
1 0.8320 0.8259 0.0578 0.0833
1 0.8883 0.7907 0.0609 0.0963
1 0.9495 0.7634 0.0490 0.0824
1 0.6115 0.9287 0.0573 0.0944
1 0.6667 0.9042 0.0521 0.1046
1 0.7227 0.8782 0.0495 0.0991
1 0.7870 0.8431 0.0385 0.0731
1 0.8341 0.8241 0.0630 0.0759
1 0.8945 0.7852 0.0526 0.0815
1 0.9487 0.7653 0.0516 0.0769
1 0.7862 0.8491 0.0516 0.0963
1 0.8193 0.8106 0.0375 0.0491
1 0.8484 0.8431 0.0510 0.0565
1 0.8935 0.7843 0.0599 0.0870
1 0.9490 0.7593 0.0448 0.0815
