0 0.5281 0.6981 0.6104 0.5241
0 0.4680 0.5630 0.4057 0.4833
0 0.3031 0.6134 0.4792 0.5917
3 0.8971 0.4583 0.1953 0.3426
1 0.8904 0.6458 0.0609 0.0861
1 0.7310 0.8380 0.0599 0.1148
1 0.7995 0.8222 0.0573 0.1019
1 0.8607 0.7843 0.0630 0.0870
1 0.9255 0.7579 0.0448 0.0769
1 0.9667 0.7375 0.0302 0.0769
0 0.4188 0.6449 0.5479 0.5065
0 0.4424 0.5995 0.4349 0.4546
1 0.7932 0.8231 0.0510 0.0907
1 0.8635 0.7898 0.0708 0.0685
1 0.9286 0.7532 0.0458 0.0676
1 0.6948 0.8736 0.0354 0.0880
1 0.7401 0.8426 0.0417 0.1222
1 0.7875 0.8185 0.0333 0.1093
1 0.8706 0.7833 0.0620 0.0667
1 0.9305 0.7514 0.0474 0.0713
0 0.4451 0.6495 0.3776 0.5676
1 0.7333 0.8458 0.0542 0.1176
1 0.7846 0.8231 0.0391 0.1111
1 0.8187 0.8023 0.0490 0.1157
1 0.8693 0.7847 0.0698 0.0991
1 0.9263 0.7560 0.0547 0.0991
1 0.9633 0.7389 0.0380 0.0963
0 0.3148 0.6639 0.2016 0.3481
0 0.3286 0.6764 0.4000 0.4657
1 0.9602 0.7347 0.0349 0.0750
1 0.9609 0.7394 0.0333 0.0713
0 0.3492 0.7403 0.1016 0.1583
0 0.3453 0.5292 0.5000 0.7083
2 0.3375 0.3671 0.3240 0.5583
3 0.7974 0.6069 0.2531 0.3991
1 0.7799 0.8824 0.0734 0.0685
1 0.7826 0.8676 0.0745 0.0370
1 0.8013 0.8292 0.0630 0.0769
1 0.8388 0.8106 0.0516 0.0787
1 0.8815 0.7889 0.0380 0.0833
0 0.3909 0.6917 0.2526 0.2722
0 0.3841 0.7000 0.2547 0.3574
0 0.2734 0.6190 0.2521 0.5306
0 0.2596 0.5148 0.3651 0.7963
0 0.2714 0.6130 0.4833 0.5981
1 0.6122 0.9245 0.0557 0.0861
1 0.6620 0.9014 0.0479 0.0935
1 0.7237 0.8741 0.0432 0.0796
1 0.7846 0.8458 0.0380 0.0787
1 0.8273 0.8264 0.0505 0.0676
1 0.8888 0.7875 0.0651 0.0769
1 0.9458 0.7685 0.0292 0.0852
1 0.6062 0.9292 0.0542 0.0935
1 0.6612 0.9037 0.0495 0.1074
1 0.7237 0.8764 0.0526 0.0935
1 0.7885 0.8426 0.0490 0.0907
1 0.8318 0.8227 0.0583 0.0880
1 0.8906 0.7792 0.0573 0.0991
1 0.9464 0.7671 0.0375 0.1046
1 0.6094 0.9431 0.0396 0.0991
1 0.6661 0.9097 0.0448 0.1120
1 0.7266 0.8824 0.0448 0.0833
1 0.7867 0.8528 0.0432 0.0815
1 0.8333 0.8269 0.0406 0.0704
1 0.8859 0.7870 0.0458 0.0685
1 0.9432 0.7681 0.0260 0.0639
1 0.6607 0.9032 0.0495 0.0861
1 0.6099 0.9384 0.0531 0.0880
1 0.7195 0.8806 0.0568 0.1056
1 0.7849 0.8486 0.0510 0.0750
1 0.8320 0.8259 0.0578 0.0833
1 0.8883 0.7907 0.0609 0.0963
1 0.9495 0.7634 0.0490 0.0824
1 0.6115 0.9287 0.0573 0.0944
1 0.6667 0.9042 0.0521 0.1046
1 0.7232 0.8782 0.0484 0.0972
1 0.7872 0.8431 0.0380 0.0713
1 0.8341 0.8241 0.0630 0.0759
1 0.8945 0.7861 0.0547 0.0852
1 0.9487 0.7662 0.0505 0.0750
0 0.4794 0.7292 0.3609 0.4509
0 0.5138 0.7157 0.5182 0.4704
1 0.8242 0.8269 0.0495 0.0926
1 0.8193 0.8106 0.0375 0.0491
1 0.8484 0.8426 0.0500 0.0556
1 0.8935 0.7843 0.0599 0.0870
1 0.9490 0.7593 0.0448 0.0815
0 0.5151 0.7157 0.5990 0.5074
0 0.5008 0.6731 0.4370 0.5574
